  0  100  -5  105
  0   10  -5   15
  0  105  -5  110
  0  110  -5  115
  0  115  -5  120
  0  120  -5  125
  0  125  -5  130
  0  130  -5  135
  0  135  -5  140
  0  140  -5  145
  0  145  -5  150
  0  150  -5  155
  0   15  -5   20
  0   20  -5   25
  0   25  -5   30
  0   30  -5   35
  0   35  -5   40
  0  -40  -5  -35
  0   40  -5   45
  0  -45  -5  -40
  0  -50  -5  -45
  0    5  -5   10
  0  -55  -5  -50
  0   55  -5   60
  0  -60  -5  -55
  0  -65  -5  -60
  0  -70  -5  -65
  0  -75  -5  -70
  0  -80  -5  -75
  0  -85  -5  -80
  0   95  -5  100
 10    0   5    5
 10  100   5  105
-10   10 -15   15
 10   10   5   15
 10  105   5  110
 10  -10   5   -5
 10  110   5  115
 10  115   5  120
-10  120 -15  125
 10  120   5  125
 10  125   5  130
-10  130 -15  135
-10  135 -15  140
-10  145 -15  150
-10  150 -15  155
-10   15 -15   20
 10  -15   5  -10
 10   15   5   20
-10  160 -15  165
-10   20 -15   25
 10   20   5   25
-10   25 -15   30
 10   25   5   30
-10   30 -15   35
 10   30   5   35
-10   35 -15   40
 10   35   5   40
-10  -40 -15  -35
-10   40 -15   45
 10   40   5   45
-10  -45 -15  -40
-10   45 -15   50
 10   45   5   50
-10  -50 -15  -45
-10   50 -15   55
 10   -5   5    0
 10    5   5   10
-10  -55 -15  -50
 10  -55   5  -50
-10  -60 -15  -55
 10  -60   5  -55
-10  -65 -15  -60
 10  -65   5  -60
-10  -70 -15  -65
 10  -70   5  -65
-10  -75 -15  -70
 10  -75   5  -70
 10   75   5   80
-10  -80 -15  -75
 10  -80   5  -75
 10   80   5   85
 10  -85   5  -80
 10  -90   5  -85
 10   90   5   95
 10   95   5  100
 15    0  10    5
 15  100  10  105
 15   10  10   15
 15  -10  10   -5
-15   10 -20   15
 15  105  10  110
 15  115  10  120
 15  120  10  125
-15  120 -20  125
 15  125  10  130
-15  125 -20  130
-15  130 -20  135
 15  140  10  145
-15  145 -20  150
 15  -15  10  -10
 15   15  10   20
-15   15 -20   20
-15  165 -20  170
-15  175 -20  180
 15  -20  10  -15
 15   20  10   25
-15   20 -20   25
 15  -25  10  -20
 15   25  10   30
-15   25 -20   30
 15   30  10   35
-15   30 -20   35
 15   35  10   40
-15   35 -20   40
 15   40  10   45
-15  -40 -20  -35
-15   40 -20   45
 15   45  10   50
-15  -45 -20  -40
-15   45 -20   50
 15   50  10   55
-15  -50 -20  -45
 15   -5  10    0
 15    5  10   10
-15  -55 -20  -50
 15  -60  10  -55
-15  -60 -20  -55
 15  -65  10  -60
-15  -65 -20  -60
 15  -70  10  -65
 15   70  10   75
-15  -70 -20  -65
 15  -75  10  -70
 15   75  10   80
-15  -75 -20  -70
 15  -80  10  -75
 15   80  10   85
-15  -80 -20  -75
 15  -85  10  -80
 15  -90  10  -85
 15   90  10   95
 15   95  10  100
 15  -95  10  -90
 20    0  15    5
 20  100  15  105
 20 -100  15  -95
 20  -10  15   -5
-20   10 -25   15
 20 -105  15 -100
 20  105  15  110
 20 -110  15 -105
 20  110  15  115
-20  110 -25  115
 20  115  15  120
-20  115 -25  120
 20  120  15  125
-20  130 -25  135
-20  135 -25  140
-20  140 -25  145
 20  145  15  150
-20  145 -25  150
-20  150 -25  155
 20  -15  15  -10
-20   15 -25   20
 20 -160  15 -155
-20  165 -25  170
 20  -20  15  -15
 20   20  15   25
-20   20 -25   25
 20  -25  15  -20
-20   25 -25   30
 20   30  15   35
-20   30 -25   35
 20   35  15   40
-20   35 -25   40
 20   40  15   45
-20   40 -25   45
 20   45  15   50
-20  -45 -25  -40
-20   45 -25   50
 20   50  15   55
-20  -50 -25  -45
 20   -5  15    0
 20    5  15   10
-20  -55 -25  -50
-20   55 -25   60
-20  -60 -25  -55
 20  -65  15  -60
-20  -65 -25  -60
 20  -70  15  -65
 20   70  15   75
-20  -70 -25  -65
 20  -75  15  -70
 20   75  15   80
-20  -75 -25  -70
 20  -80  15  -75
 20   80  15   85
 20  -85  15  -80
 20   85  15   90
 20  -90  15  -85
 20   90  15   95
 20   95  15  100
 20  -95  15  -90
 25    0  20    5
 25  100  20  105
 25 -100  20  -95
 25   10  20   15
 25 -105  20 -100
 25  105  20  110
 25 -110  20 -105
 25  110  20  115
-25  110 -30  115
 25 -115  20 -110
 25  115  20  120
 25  120  20  125
 25  125  20  130
-25  145 -30  150
-25  150 -30  155
 25  -15  20  -10
 25   15  20   20
-25   15 -30   20
 25 -160  20 -155
 25  -20  20  -15
 25   20  20   25
-25   20 -30   25
 25   25  20   30
-25   25 -30   30
 25   30  20   35
-25   30 -30   35
 25   35  20   40
 25   40  20   45
-25   40 -30   45
 25   45  20   50
-25   45 -30   50
 25   50  20   55
-25  -50 -30  -45
 25    5  20   10
 25   55  20   60
-25  -55 -30  -50
-25  -60 -30  -55
 25   65  20   70
-25  -65 -30  -60
 25   70  20   75
-25  -70 -30  -65
 25  -75  20  -70
 25   75  20   80
-25  -75 -30  -70
 25  -80  20  -75
 25   80  20   85
 25  -85  20  -80
 25   85  20   90
 25  -90  20  -85
 25   90  20   95
 25   95  20  100
 25  -95  20  -90
 30    0  25    5
 30  100  25  105
 30 -100  25  -95
 30   10  25   15
 30  -10  25   -5
 30 -105  25 -100
 30  105  25  110
 30 -110  25 -105
 30  110  25  115
 30 -115  25 -110
 30  115  25  120
-30  115 -35  120
 30  120  25  125
-30  120 -35  125
 30  125  25  130
-30  135 -35  140
-30  140 -35  145
-30  145 -35  150
-30  150 -35  155
 30  -15  25  -10
 30   15  25   20
-30   15 -35   20
-30  170 -35  175
 30  -20  25  -15
 30   20  25   25
-30   20 -35   25
 30   25  25   30
-30   25 -35   30
 30   30  25   35
-30   30 -35   35
 30   35  25   40
 30   40  25   45
 30   45  25   50
 30   50  25   55
 30   -5  25    0
 30    5  25   10
 30   55  25   60
-30  -55 -35  -50
 30   60  25   65
-30  -60 -35  -55
 30   65  25   70
-30  -65 -35  -60
 30   70  25   75
-30  -70 -35  -65
 30   75  25   80
-30  -75 -35  -70
 30  -80  25  -75
 30   80  25   85
 30  -85  25  -80
 30   85  25   90
 30  -90  25  -85
 30   90  25   95
 30   95  25  100
 30  -95  25  -90
 35    0  30    5
 35  100  30  105
 35 -100  30  -95
 35   10  30   15
 35  -10  30   -5
 35 -105  30 -100
 35  105  30  110
 35 -110  30 -105
 35  110  30  115
 35 -115  30 -110
 35  115  30  120
-35  115 -40  120
 35 -120  30 -115
 35  120  30  125
 35 -125  30 -120
 35  125  30  130
 35  130  30  135
 35  135  30  140
-35  135 -40  140
-35  140 -40  145
-35  145 -40  150
-35  150 -40  155
 35   15  30   20
-35  170 -40  175
-35  175 -40  180
 35  -20  30  -15
 35   20  30   25
 35   25  30   30
 35   30  30   35
 35   35  30   40
 35   40  30   45
 35   45  30   50
 35   50  30   55
 35   -5  30    0
 35    5  30   10
 35   55  30   60
 35   60  30   65
-35  -60 -40  -55
 35   65  30   70
-35  -65 -40  -60
 35   70  30   75
-35  -70 -40  -65
 35   75  30   80
-35  -75 -40  -70
 35  -80  30  -75
 35   80  30   85
 35  -85  30  -80
 35  -90  30  -85
 35   90  30   95
 35   95  30  100
 35  -95  30  -90
 40    0  35    5
 40  100  35  105
 40 -100  35  -95
 40   10  35   15
 40  -10  35   -5
 40 -105  35 -100
 40  105  35  110
 40 -110  35 -105
 40  110  35  115
 40 -115  35 -110
 40  115  35  120
 40 -120  35 -115
 40  120  35  125
 40 -125  35 -120
 40  125  35  130
 40  130  35  135
 40  135  35  140
 40  140  35  145
-40  145 -45  150
 40   15  35   20
-40  165 -45  170
-40  170 -45  175
-40  175 -45  180
 40   20  35   25
 40   25  35   30
 40  -30  35  -25
 40   30  35   35
 40   35  35   40
 40   40  35   45
 40   45  35   50
 40   50  35   55
 40   -5  35    0
 40    5  35   10
 40   55  35   60
 40   60  35   65
 40   65  35   70
-40  -65 -45  -60
 40   70  35   75
-40  -70 -45  -65
 40  -75  35  -70
 40   75  35   80
-40  -75 -45  -70
 40  -80  35  -75
 40   80  35   85
 40  -85  35  -80
 40   85  35   90
 40  -90  35  -85
 40   90  35   95
 40   95  35  100
 40  -95  35  -90
 45    0  40    5
 45  100  40  105
 45 -100  40  -95
 45   10  40   15
 45  -10  40   -5
 45 -105  40 -100
 45  105  40  110
 45 -110  40 -105
 45  110  40  115
 45 -115  40 -110
 45  115  40  120
 45 -120  40 -115
 45  120  40  125
 45 -125  40 -120
 45  125  40  130
 45  130  40  135
 45  135  40  140
 45  140  40  145
 45  145  40  150
 45   15  40   20
-45  165 -50  170
-45  170 -50  175
 45   20  40   25
 45   25  40   30
 45   30  40   35
 45   35  40   40
 45   40  40   45
 45   45  40   50
 45   50  40   55
-45   50 -50   55
 45   -5  40    0
 45    5  40   10
 45   55  40   60
 45   60  40   65
 45  -65  40  -60
 45   65  40   70
-45   65 -50   70
 45  -70  40  -65
 45   70  40   75
-45  -70 -50  -65
 45  -75  40  -70
 45   75  40   80
-45  -75 -50  -70
 45  -80  40  -75
 45   80  40   85
 45  -85  40  -80
 45   85  40   90
 45  -90  40  -85
 45   90  40   95
 45   95  40  100
 45  -95  40  -90
 50    0  45    5
 50  100  45  105
 50 -100  45  -95
 50   10  45   15
 50 -105  45 -100
 50  105  45  110
 50 -110  45 -105
 50  110  45  115
 50 -115  45 -110
 50  115  45  120
 50 -120  45 -115
 50  120  45  125
 50 -125  45 -120
 50  125  45  130
 50 -130  45 -125
 50  130  45  135
 50  135  45  140
 50  140  45  145
 50  145  45  150
 50  150  45  155
 50   15  45   20
 50   20  45   25
 50   25  45   30
 50   30  45   35
 50   35  45   40
 50   40  45   45
 50   45  45   50
 50   50  45   55
 50   -5  45    0
 50    5  45   10
 50  -55  45  -50
 50   55  45   60
 50  -60  45  -55
 50   60  45   65
 50  -65  45  -60
 50   65  45   70
 50  -70  45  -65
 50   70  45   75
-50  -70 -55  -65
 50  -75  45  -70
 50   75  45   80
-50  -75 -55  -70
 50  -80  45  -75
 50   80  45   85
 50  -85  45  -80
 50   85  45   90
 50  -90  45  -85
 50   90  45   95
 50   95  45  100
 50  -95  45  -90
  5  100   0  105
 -5  100 -10  105
  5   10   0   15
  5  -10   0   -5
 -5   10 -10   15
  5  105   0  110
 -5  105 -10  110
  5  110   0  115
 -5  110 -10  115
  5  115   0  120
 -5  115 -10  120
  5  120   0  125
 -5  120 -10  125
  5  125   0  130
 -5  125 -10  130
 -5  130 -10  135
 -5  135 -10  140
 -5  140 -10  145
 -5  145 -10  150
 -5  150 -10  155
  5   15   0   20
 -5   15 -10   20
 -5  155 -10  160
 -5  160 -10  165
  5   20   0   25
 -5   20 -10   25
  5   25   0   30
 -5   25 -10   30
  5   30   0   35
 -5   30 -10   35
  5   35   0   40
 -5  -35 -10  -30
 -5   35 -10   40
  5   40   0   45
 -5  -40 -10  -35
  5   45   0   50
 -5  -45 -10  -40
  5   -5   0    0
 -5  -50 -10  -45
  5    5   0   10
 55    0  50    5
 55  100  50  105
 55 -100  50  -95
 55   10  50   15
 55  -10  50   -5
 55 -105  50 -100
 55  105  50  110
 55 -110  50 -105
 55  110  50  115
 55 -115  50 -110
 55  115  50  120
 55 -120  50 -115
 55  120  50  125
 55 -125  50 -120
 55  125  50  130
 55 -130  50 -125
 55  130  50  135
 55  135  50  140
 55  140  50  145
 55   15  50   20
 55  155  50  160
 55  175  50  180
 55   20  50   25
 55   25  50   30
 55   30  50   35
 55   35  50   40
 55   40  50   45
 55   45  50   50
 55   50  50   55
  5  -55   0  -50
 -5  -55 -10  -50
 55   -5  50    0
 55    5  50   10
 55   55  50   60
 55   60  50   65
 55  -65  50  -60
 55   65  50   70
 55  -70  50  -65
 55   70  50   75
 55   75  50   80
 55  -80  50  -75
 55   80  50   85
 55  -85  50  -80
 55   85  50   90
 55  -90  50  -85
 55   90  50   95
 55   95  50  100
 55  -95  50  -90
  5  -60   0  -55
 -5  -60 -10  -55
  5  -65   0  -60
 -5  -65 -10  -60
  5  -70   0  -65
  5   70   0   75
 -5  -70 -10  -65
  5  -75   0  -70
 -5  -75 -10  -70
  5  -80   0  -75
 -5  -80 -10  -75
  5  -85   0  -80
 -5  -85 -10  -80
  5   95   0  100
 60  100  55  105
 60 -100  55  -95
 60   10  55   15
 60 -105  55 -100
 60  105  55  110
 60  -10  55   -5
 60 -110  55 -105
 60  110  55  115
 60 -115  55 -110
 60 -120  55 -115
 60  120  55  125
 60 -125  55 -120
 60  125  55  130
 60 -130  55 -125
 60 -135  55 -130
 60 -140  55 -135
 60  150  55  155
 60   15  55   20
 60 -160  55 -155
 60   20  55   25
 60   25  55   30
 60   30  55   35
 60   35  55   40
 60   40  55   45
 60   45  55   50
 60   50  55   55
 60   -5  55    0
 60    5  55   10
 60   55  55   60
 60   60  55   65
 60   65  55   70
 60   70  55   75
 60   75  55   80
 60   80  55   85
 60   85  55   90
 60   90  55   95
 60   95  55  100
 60  -95  55  -90
 65    0  60    5
 65   10  60   15
 65  -10  60   -5
 65  110  60  115
 65 -115  60 -110
 65  115  60  120
 65 -120  60 -115
 65 -125  60 -120
 65  125  60  130
 65 -130  60 -125
 65  130  60  135
 65 -135  60 -130
 65 -140  60 -135
 65 -150  60 -145
 65 -155  60 -150
 65   15  60   20
 65  175  60  180
 65   20  60   25
 65  -25  60  -20
 65   25  60   30
 65   30  60   35
 65   35  60   40
 65   40  60   45
 65   45  60   50
 65   50  60   55
 65   55  60   60
 65    5  60   10
 65   60  60   65
 65   65  60   70
 65   70  60   75
 65   75  60   80
 65  -80  60  -75
 65  -95  60  -90
 70   10  65   15
 70   15  65   20
 70  -20  65  -15
 70   20  65   25
 70   25  65   30
 70   30  65   35
 70   35  65   40
 70   50  65   55
 70   55  65   60
 70   60  65   65
 70   65  65   70
 70   70  65   75
 70   75  65   80
 70   85  65   90
 75  -10  70   -5
 75   15  70   20
 75  175  70  180
 75 -180  70 -175
 80  100  75  105
 80   10  75   15
 80   15  75   20
 80   20  75   25
 80   25  75   30
 80   80  75   85
 80   90  75   95
 80   95  75  100
